(28, 17), (27, 15), 
(31, 21), (28, 19), 
(53, 31), (44, 29), 
(68, 34), (54, 31), 
(55, 27), (45, 25), 
(70, 31), (60, 29), 
(52, 27), (47, 25), 
(75, 31), (56, 29), 
(57, 31), (47, 29), 
(71, 32), (57, 30), 
(58, 31), (46, 29), 
(70, 33), (61, 32), 
(56, 31), (49, 30), 
(69, 33), (58, 30), 
(59, 31), (49, 29), 
(68, 34), (58, 32), 
(62, 33), (50, 31), 
(71, 35), (59, 34), 
(63, 30), (51, 29), 
(70, 33), (58, 31), 
(63, 32), (50, 30), 
(70, 36), (55, 32), 
(63, 33), (50, 30), 
(69, 36), (59, 34), 
(64, 33), (52, 30), 
(70, 35), (62, 33), 
(63, 32), (51, 29), 
(71, 34), (62, 32), 
(61, 31), (50, 28), 
(69, 35), (58, 32), 
(60, 32), (50, 30), 
(70, 35), (56, 32), 
(60, 31), (51, 28), 
(70, 34), (56, 30), 
(56, 31), (54, 30), 
(68, 34), (55, 32), 
(64, 30), (56, 29), 
(62, 31), (56, 30), 
(64, 27), (53, 29), 
(60, 32), (55, 31), 
(69, 29), (63, 27), 
(67, 30), (56, 29), 
(66, 29), (56, 27), 
(64, 32), (53, 29), 
(58, 30), (46, 28), 
(61, 31), (50, 28), 
(57, 28), (43, 26), 
(61, 31), (48, 28), 
(56, 29), (44, 26), 
(62, 32), (45, 27), 
(55, 29), (40, 26), 
(53, 31), (47, 30), 
(56, 31), (39, 28), 
(47, 29), (46, 29), 
(56, 29), (41, 26), 
(54, 31), (48, 28), 
(60, 32), (45, 28), 
(61, 32), (51, 30), 
(68, 32), (52, 27), 
(59, 30), (55, 29), 
(74, 28), (72, 33), 
(69, 28), (55, 25), 
(74, 29), (66, 29), 
(76, 32), (58, 28), 
(71, 30), (67, 31), 
(75, 30), (68, 30), 
(66, 29), (68, 28), 
(74, 33), (72, 33), 
(59, 26), (65, 25), 
(74, 33), (68, 30), 
(52, 25), (56, 23), 
(75, 31), (69, 28), 
(51, 25), (52, 23), 
(72, 32), (71, 29), 
(49, 24), (47, 17), 
(74, 32), (62, 24), 
(49, 19), (21, 3), 
(75, 31), (53, 19), 
(19, 5), (0, -3), 
(54, 19), (36, 13), 
(5, -1), (-1, -3), 
(48, 16), (13, 3), 
(6, -1), (0, -2), 
(41, 12), (10, 1), 
(24, 6), (0, -2), 
(72, 27), (24, 7), 
(62, 23), (7, 0), 
(63, 27), (29, 14), 
(63, 28), (28, 10), 
(48, 25), (37, 20), 
(49, 26), (35, 21), 
(51, 28), (34, 22), 
(47, 27), (33, 22), 
(45, 28), (40, 25), 
(47, 27), (37, 23), 
(42, 26), (37, 23), 
(40, 23), (38, 21), 
(44, 27), (34, 21), 
(40, 25), (38, 23), 
(44, 26), (34, 21), 
(42, 25), (37, 21), 
(42, 25), (34, 21), 
(45, 26), (30, 20), 
(36, 25), (39, 23), 
(44, 25), (31, 20), 
(40, 23), (38, 22), 
(36, 23), (27, 16), 
(44, 24), (33, 19), 
(38, 22), (20, 10), 
(36, 23), (28, 16), 
(41, 23), (9, 2), 
(36, 23), (22, 12), 
(41, 19), (3, -2), 
(38, 24), (15, 6), 
(40, 18), (2, -2), 
(39, 24), (14, 6), 
(45, 21), (3, -1), 
(38, 24), (17, 8), 
(48, 22), (6, 1), 
(39, 23), (21, 10),
(-1, -1), (-1, -3), 
(-2, -1), (0, -3), 
(-1, -3), (-1, -2), 
(0, -2), (-2, -1), 
(-1, -2), (-1, -2), 
(-2, 0), (0, -3), 
(-1, -1), (0, -3), 
(-1, -2), (-1, -2), 
(-1, -2), (-1, -3), 
(-1, -1), (0, -2), 
(-2, -1), (-1, -3), 
(-1, -1), (-1, -2), 
(-2, -1), (-1, -3), 
(-1, -1), (-1, -2), 
(-1, -2), (-2, -3), 
(-1, -2), (-1, -2), 
(-1, -3), (-1, -2), 
(-1, -2), (-2, -2), 
(-1, -2), (-1, -3), 
(0, -2), (-1, -3), 
(-1, -2), (-1, -3), 
(-1, -1), (-1, -3), 
(-1, -2), (-1, -2), 
(-1, -2), (-1, -2), 
(-1, -2), (-1, -3), 
(-1, -2), (-1, -2), 
(-1, -2), (-1, -3), 
(-1, -2), (-1, -2), 
(-1, -2), (-1, -3), 
(-1, -2), (-1, -2), 
(-1, -1), (-1, -3), 
(-1, -2), (-1, -2), 
(-1, -1), (-1, -3), 
(-1, -2), (0, -2), 
(-1, -2), (-1, -3), 
(-1, -2), (-1, -2), 
(-1, -1), (-1, -3), 
(-1, -1), (-1, -2), 
(-1, -2), (-1, -3), 
(-1, -2), (-1, -2), 
(-1, -2), (-1, -3), 
(-1, -1), (-1, -1), 
(-1, -1), (-1, -2), 
(-1, -2), (-1, -1), 
(-1, -1), (-1, -2), 
(-1, -1), (-1, -1), 
(-1, -1), (-1, -2), 
(0, -2), (-1, -2), 
(5, -1), (0, -2), 
(12, 2), (-1, -1), 
(24, 12), (0, -2), 
(34, 15), (-1, -1), 
(46, 28), (2, -1), 
(53, 31), (9, 1), 
(46, 27), (12, 4), 
(51, 28), (21, 8), 
(49, 30), (28, 15), 
(50, 31), (40, 20), 
(48, 31), (37, 22), 
(50, 31), (48, 25), 
(46, 28), (43, 26), 
(52, 29), (45, 27), 
(45, 29), (44, 30), 
(52, 31), (44, 29), 
(43, 29), (43, 30), 
(51, 32), (43, 29), 
(45, 29), (43, 28), 
(53, 31), (46, 29), 
(45, 31), (43, 29), 
(54, 33), (46, 30), 
(45, 31), (42, 28), 
(59, 33), (44, 28), 
(46, 31), (43, 29), 
(60, 35), (41, 27), 
(49, 28), (44, 25), 
(56, 32), (39, 25), 
(53, 28), (43, 26), 
(54, 29), (42, 25), 
(54, 32), (42, 28), 
(53, 32), (43, 27), 
(54, 30), (42, 26), 
(53, 31), (43, 27), 
(54, 30), (46, 27), 
(57, 31), (42, 27), 
(54, 28), (48, 27), 
(59, 33), (44, 28), 
(54, 31), (48, 28), 
(59, 34), (43, 29), 
(52, 29), (48, 26), 
(59, 33), (43, 27), 
(54, 27), (49, 25), 
(62, 31), (50, 28), 
(54, 28), (49, 27), 
(63, 32), (51, 29), 
(56, 30), (49, 27), 
(59, 32), (53, 29), 
(61, 30), (52, 29), 
(61, 33), (56, 32), 
(64, 28), (52, 27), 
(61, 32), (56, 30), 
(65, 28), (56, 29), 
(59, 32), (56, 31), 
(66, 27), (60, 28), 
(64, 30), (58, 28), 
(65, 26), (60, 28), 
(64, 30), (58, 28), 
(66, 29), (61, 29), 
(65, 31), (56, 28), 
(66, 29), (64, 28), 
(66, 30), (56, 27), 
(69, 31), (69, 32), 
(67, 29), (59, 27), 
(69, 33), (71, 32), 
(67, 30), (62, 29), 
(70, 34), (71, 35), 
(67, 31), (63, 32), 
(69, 32), (72, 33), 
(67, 31), (63, 31), 
(69, 30), (68, 30), 
(67, 31), (65, 31), 
(70, 32), (66, 31), 
(69, 32), (66, 34), 
(68, 29), (68, 28), 
(68, 31), (69, 33), 
(66, 31), (66, 28), 
(68, 32), (72, 35), 
(66, 29), (67, 26), 
(68, 30), (71, 33), 
(66, 30), (68, 28), 
(68, 31), (71, 34), 
(66, 32), (68, 31), 
(70, 33), (71, 35), 
(66, 32), (66, 31), 
(71, 36), (69, 34), 
(68, 33), (66, 32), 
(72, 35), (68, 33), 
(68, 33), (63, 31), 
(73, 35), (68, 31), 
(70, 34), (62, 33), 
(76, 35), (67, 30), 
(70, 34), (63, 34), 
(76, 35), (66, 32), 
(72, 35), (63, 32), 
(76, 36), (68, 33), 
(68, 35), (63, 32), 
(75, 37), (67, 32), 
(69, 34), (63, 30), 
(75, 36), (61, 33), 
(71, 32), (64, 30), 
(76, 34), (61, 32), 
(70, 32), (63, 30), 
(75, 34), (63, 32), 
(69, 30), (63, 28), 
(74, 31), (65, 29), 
(69, 30), (64, 29), 
(73, 32), (67, 31), 
(68, 32), (64, 32), 
(73, 34), (69, 34), 
(67, 32), (65, 31), 
(72, 32), (70, 33), 
(67, 30), (66, 30), 
(73, 33), (69, 32), 
(65, 30), (66, 30), 
(68, 30), (65, 29), 
(64, 31), (66, 31), 
(70, 33), (63, 32), 
(64, 34), (67, 33), 
(70, 33), (63, 32), 
(60, 30), (65, 30), 
(69, 31), (62, 29), 
(60, 30), (60, 28), 
(69, 31), (64, 29), 
(64, 32), (59, 30), 
(69, 33), (65, 31), 
(65, 31), (59, 29), 
(71, 33), (62, 30), 
(65, 32), (61, 30), 
(73, 34), (61, 31), 
(65, 32), (62, 30), 
(71, 34), (58, 31), 
(64, 29), (60, 28), 
(69, 31), (55, 27), 
(65, 32), (59, 30), 
(68, 34), (53, 30), 
(65, 31), (55, 28), 
(67, 31), (50, 28), 
(65, 32), (52, 29), 
(69, 34), (52, 30), 
(64, 31), (51, 28), 
(69, 32), (52, 28), 
(64, 32), (52, 29), 
(69, 34), (55, 31), 
(62, 32), (54, 30), 
(63, 32), (63, 31), 
(59, 31), (54, 30), 
(58, 31), (68, 33), 
(57, 31), (57, 31), 
(59, 31), (66, 32), 
(56, 28), (60, 29), 
(63, 30), (57, 29), 
(52, 27), (63, 29), 
(64, 30), (55, 28), 
(52, 29), (64, 31), 
(65, 32), (49, 27), 
(51, 26), (59, 27), 
(63, 30), (45, 24), 
(54, 28), (54, 28), 
(63, 31), (40, 25), 
(55, 29), (47, 26), 
(59, 30), (35, 24), 
(56, 29), (42, 24), 
(53, 27), (43, 25), 
(56, 28), (41, 24), 
(53, 26), (44, 25), 
(55, 28), (38, 24), 
(52, 26), (47, 26), 
(55, 30), (36, 24), 
(52, 27), (49, 28), 
(54, 30), (33, 23), 
(52, 27), (53, 29), 
(50, 26), (35, 22), 
(55, 27), (51, 27), 
(46, 24), (44, 24), 
(57, 28), (47, 27), 
(46, 24), (45, 24), 
(56, 28), (46, 25), 
(46, 23), (48, 24), 
(53, 26), (47, 26), 
(47, 26), (50, 28), 
(45, 24), (45, 27), 
(52, 27), (44, 26), 
(36, 20), (40, 25), 
(50, 26), (41, 24), 
(27, 14), (35, 21), 
(50, 27), (39, 25), 
(26, 15), (32, 21), 
(50, 27), (39, 24), 
(25, 15), (31, 20), 
(50, 27), (38, 23), 
(26, 14), (31, 19), 
(50, 27), (36, 24), 
(28, 16), (30, 20), 
(47, 27), (33, 21), 
(35, 22), (27, 18), 
(41, 25), (31, 18), 
(34, 23), (28, 19), 
(38, 23), (26, 15), 
(32, 23), (30, 20), 
(37, 23), (26, 16), 
(32, 22), (33, 19), 
(36, 22), (27, 16), 
(32, 21), (34, 21), 
(37, 21), (27, 17), 
(32, 21), (40, 23), 
(37, 21), (28, 18), 
(32, 21), (44, 25), 
(32, 19), (33, 21), 
(32, 21), (51, 28), 
(27, 17), (42, 25), 
(38, 24), (54, 29), 
(27, 15), (47, 25), 
(43, 25), (54, 29), 
(28, 17), (49, 26), 
(45, 25), (55, 28), 
(29, 17), (50, 26), 
(48, 27), (55, 29), 
(31, 19), (50, 26), 
(48, 27), (56, 29), 
(44, 25), (50, 27), 
(63, 30), (60, 26), 
(51, 28), (51, 28), 
(68, 30), (63, 25), 
(49, 27), (49, 27), 
(67, 31), (63, 26), 
(50, 27), (49, 27), 
(66, 31), (63, 27), 
(50, 27), (49, 27), 
(67, 31), (63, 27), 
(50, 27), (51, 27), 
(69, 30), (63, 26), 
(54, 28), (54, 27), 
(69, 32), (61, 25), 
(57, 28), (55, 25), 
(71, 32), (62, 26), 
(58, 28), (55, 25), 
(71, 32), (61, 25), 
(56, 28), (55, 27), 
(70, 31), (60, 24), 
(53, 28), (47, 27), 
(67, 30), (60, 23), 
(52, 28), (47, 27), 
(66, 30), (61, 26), 
(53, 28), (45, 26), 
(65, 30), (63, 28), 
(41, 24), (49, 27), 
(61, 30), (58, 28), 
(35, 23), (50, 28), 
(58, 30), (54, 28), 
(34, 22), (50, 29), 
(55, 30), (48, 28), 
(33, 22), (46, 26), 
(49, 28), (48, 28), 
(33, 21), (40, 24), 
(41, 23), (54, 27), 
(34, 21), (37, 22), 
(35, 22), (55, 28), 
(32, 20), (36, 22), 
(32, 20), (53, 28), 
(31, 19), (36, 23), 
(32, 20), (52, 28), 
(31, 19), (36, 23), 
(32, 20), (51, 28), 
(31, 19), (36, 22), 
(31, 20), (51, 27), 
(36, 22), (32, 21), 
(28, 18), (51, 28), 
(40, 24), (29, 19), 
(28, 19), (47, 27), 
(41, 26), (30, 20), 
(30, 20), (43, 25), 
(40, 25), (29, 19), 
(34, 22), (40, 24), 
(39, 24), (28, 18), 
(37, 24), (38, 23), 
(35, 23), (31, 20), 
(43, 27), (31, 20), 
(35, 23), (33, 22), 
(44, 27), (29, 20), 
(36, 24), (37, 25), 
(40, 25), (29, 19), 
(39, 25), (39, 25), 
(37, 24), (33, 20), 
(41, 27), (39, 26), 
(35, 24), (35, 23), 
(43, 26), (39, 25), 
(35, 24), (36, 21), 
(44, 27), (39, 25), 
(37, 25), (40, 26), 
(45, 28), (40, 27), 
(43, 29), (41, 27), 
(47, 28), (43, 26), 
(45, 28), (40, 26), 
(46, 28), (43, 26), 
(48, 29), (41, 26), 
(49, 27), (44, 25), 
(47, 28), (42, 26), 
(50, 29), (45, 26), 
(47, 28), (43, 26), 
(51, 30), (44, 27), 
(49, 30), (46, 28), 
(51, 30), (43, 27), 
(49, 30), (47, 28), 
(53, 31), (44, 27), 
(54, 32), (51, 29), 
(57, 31), (47, 27), 
(58, 33), (50, 29), 
(57, 31), (47, 26), 
(59, 32), (49, 27), 
(59, 28), (48, 26), 
(61, 30), (49, 26), 
(59, 31), (45, 27), 
(65, 33), (47, 27), 
(56, 30), (42, 26), 
(65, 33), (47, 27), 
(55, 29), (38, 25), 
(70, 33), (53, 29), 
(50, 29), (41, 26), 
(68, 33), (50, 29), 
(52, 29), (43, 26), 
(64, 34), (47, 28), 
(53, 28), (46, 27), 
(59, 31), (42, 26), 
(56, 28), (50, 26), 
(57, 30), (42, 25), 
(55, 30), (49, 27), 
(54, 30), (42, 25), 
(56, 30), (46, 27), 
(51, 29), (43, 26), 
(59, 30), (47, 26), 
(52, 29), (46, 27), 
(60, 30), (46, 26), 
(50, 28), (47, 26), 
(61, 30), (43, 26), 
(49, 28), (52, 28), 
(61, 29), (42, 24), 
(50, 28), (52, 29), 
(60, 29), (45, 25), 
(53, 29), (50, 26), 
(62, 30), (48, 26), 
(53, 29), (51, 27), 
(62, 29), (47, 25), 
(53, 29), (48, 27), 
(57, 28), (51, 26), 
(57, 30), (43, 25), 
(56, 30), (50, 27), 
(58, 30), (42, 25), 
(58, 31), (49, 28), 
(55, 30), (45, 26), 
(60, 30), (51, 28), 
(55, 30), (47, 27), 
(60, 31), (53, 28), 
(58, 32), (46, 27), 
(59, 31), (53, 29), 
(59, 32), (44, 26), 
(57, 30), (54, 29), 
(63, 31), (44, 26), 
(57, 29), (55, 29), 
(63, 31), (43, 26), 
(57, 30), (55, 29), 
(65, 33), (45, 27), 
(56, 29), (54, 28), 
(69, 33), (48, 28), 
(58, 30), (52, 28), 
(70, 32), (50, 28), 
(61, 30), (52, 27), 
(73, 33), (55, 30), 
(60, 30), (52, 28), 
(72, 32), (53, 28), 
(59, 30), (52, 28), 
(71, 33), (52, 30), 
(55, 29), (53, 28), 
(70, 32), (50, 28), 
(53, 28), (53, 28), 
(68, 32), (47, 27), 
(53, 28), (53, 28), 
(65, 32), (45, 26), 
(56, 29), (57, 28), 
(66, 33), (51, 28), 
(61, 30), (58, 29), 
(63, 31), (59, 30), 
(61, 30), (57, 29), 
(60, 31), (60, 31), 
(64, 29), (59, 28), 
(64, 30), (63, 30), 
(67, 29), (55, 27), 
(65, 31), (62, 30), 
(74, 31), (59, 27), 
(69, 31), (63, 30), 
(74, 31), (62, 27), 
(70, 31), (56, 28), 
(75, 31), (69, 27), 
(71, 32), (52, 26), 
(75, 32), (69, 28), 
(71, 33), (51, 28), 
(75, 31), (68, 28), 
(71, 33), (52, 27), 
(75, 32), (67, 27), 
(70, 33), (52, 27), 
(75, 32), (71, 28), 
(72, 33), (54, 27), 
(75, 33), (70, 29), 
(72, 34), (55, 29), 
(75, 33), (66, 28), 
(69, 32), (62, 30), 
(74, 31), (64, 27), 
(69, 31), (65, 30), 
(71, 32), (65, 28), 
(68, 30), (68, 30), 
(66, 32), (65, 29), 
(64, 29), (64, 30), 
(64, 31), (65, 29), 
(67, 32), (60, 29), 
(68, 32), (64, 30), 
(70, 34), (59, 29), 
(70, 33), (61, 31), 
(75, 35), (57, 29), 
(71, 34), (60, 30), 
(76, 36), (57, 29), 
(74, 34), (61, 30), 
(76, 36), (59, 29), 
(74, 33), (61, 30), 
(76, 37), (58, 29), 
(71, 33), (62, 31), 
(73, 36), (57, 28), 
(72, 33), (62, 30), 
(72, 36), (58, 29), 
(68, 32), (64, 32), 
(74, 36), (57, 29), 
(67, 32), (62, 30), 
(76, 36), (56, 29), 
(66, 31), (59, 29), 
(78, 36), (62, 31), 
(75, 33), (54, 28), 
(78, 36), (71, 32), 
(77, 33), (69, 31), 
(77, 35), (74, 34), 
(73, 32), (69, 32), 
(75, 34), (77, 33), 
(74, 33), (71, 32), 
(72, 33), (73, 33), 
(72, 33), (68, 32), 
(69, 34), (67, 33), 
(70, 33), (67, 33), 
(72, 34), (60, 31), 
(67, 32), (65, 32), 
(71, 34), (54, 30), 
(65, 32), (59, 32), 
(71, 34), (47, 28), 
(63, 32), (53, 30), 
(74, 36), (47, 28), 
(67, 33), (44, 27), 
(73, 34), (46, 27), 
(68, 34), (43, 28), 
(70, 33), (44, 27), 
(67, 32), (41, 26), 
(61, 32), (42, 27), 
(61, 29), (38, 23), 
(46, 27), (45, 26), 
(47, 28), (39, 26), 
(41, 26), (36, 24), 
(34, 23), (39, 26), 
(46, 28), (30, 19), 
(36, 23), (34, 21), 
(41, 26), (34, 22), 
(36, 22), (32, 19), 
(40, 25), (34, 22), 
(38, 23), (27, 17), 
(39, 26), (32, 21), 
(32, 21), (29, 18), 
(38, 25), (27, 17), 
(32, 21), (28, 17), 
(34, 23), (26, 16), 
(34, 22), (26, 16), 
(32, 22), (27, 18), 
(34, 23), (26, 15), 
(28, 20), (31, 22), 
(30, 19), (31, 20), 
(26, 18), (34, 23), 
(27, 18), (40, 24), 
(35, 21), (48, 26), 
(36, 23), (38, 24), 
(48, 27), (58, 29), 
(48, 27), (36, 22), 
(54, 29), (58, 26), 
(52, 28), (42, 23), 
(53, 27), (64, 28), 
(48, 27), (46, 24), 
(47, 26), (62, 27), 
(44, 26), (50, 26), 
(46, 25), (60, 24), 
(38, 24), (61, 28), 
(52, 26), (51, 21), 
(39, 26), (63, 30), 
(50, 27), (47, 20), 
(39, 24), (54, 24), 
(46, 26), (50, 21), 
(41, 26), (48, 23), 
(45, 26), (58, 26), 
(44, 25), (50, 22), 
(43, 26), (57, 26), 
(41, 24), (54, 26), 
(40, 25), (53, 23), 
(34, 21), (49, 25), 
(41, 25), (52, 22), 
(29, 20), (44, 22), 
(46, 26), (55, 24), 
(29, 21), (42, 23), 
(46, 26), (57, 26), 
(31, 22), (44, 24), 
(38, 23), (48, 23), 
(30, 22), (45, 25), 
(35, 22), (43, 22), 
(31, 22), (36, 24), 
(32, 22), (44, 25), 
(31, 22), (37, 24), 
(33, 23), (48, 26), 
(31, 21), (41, 23), 
(33, 22), (43, 24), 
(32, 21), (45, 25), 
(35, 23), (41, 23), 
(33, 21), (50, 23), 
(34, 22), (40, 23), 
(32, 22), (47, 25), 
(33, 23), (40, 24), 
(33, 23), (42, 24), 
(32, 23), (44, 26), 
(36, 23), (41, 24), 
(34, 23), (46, 25), 
(41, 26), (39, 25), 
(35, 24), (46, 26), 
(46, 26), (41, 24), 
(39, 25), (43, 24), 
(47, 27), (42, 25), 
(42, 26), (42, 24), 
(47, 27), (44, 25), 
(48, 27), (43, 25), 
(50, 27), (45, 24), 
(51, 28), (43, 26), 
(57, 30), (44, 25), 
(53, 28), (45, 26), 
(59, 30), (46, 25), 
(53, 28), (47, 26), 
(60, 29), (46, 25), 
(54, 28), (49, 26), 
(55, 27), (44, 23), 
(52, 27), (49, 25), 
(52, 26), (44, 22), 
(57, 27), (48, 25), 
(45, 25), (40, 21), 
(65, 31), (50, 26), 
(46, 25), (40, 20), 
(65, 31), (52, 27), 
(49, 26), (33, 15), 
(55, 29), (48, 26), 
(53, 26), (35, 14), 
(51, 27), (45, 23), 
(55, 26), (37, 14), 
(49, 26), (47, 22), 
(56, 27), (35, 15), 
(51, 27), (47, 22), 
(58, 24), (34, 12), 
(49, 25), (47, 21), 
(58, 26), (32, 11), 
(50, 24), (47, 20), 
(60, 25), (36, 13), 
(50, 24), (50, 21), 
(62, 26), (39, 13), 
(50, 26), (49, 23), 
(64, 27), (41, 16), 
(53, 26), (49, 22), 
(63, 26), (45, 18), 
(56, 26), (48, 22), 
(66, 27), (45, 19), 
(56, 27), (50, 22), 
(66, 27), (45, 19), 
(56, 26), (50, 23), 
(65, 24), (50, 18), 
(58, 26), (49, 22), 
(59, 23), (47, 17), 
(60, 27), (48, 22), 
(58, 24), (44, 16), 
(61, 26), (50, 21), 
(58, 25), (44, 18), 
(59, 27), (49, 22), 
(58, 25), (46, 18), 
(60, 28), (48, 22), 
(58, 25), (47, 19), 
(60, 26), (48, 22), 
(61, 26), (51, 19), 
(60, 28), (50, 23), 
(63, 25), (51, 19), 
(60, 25), (52, 22), 
(62, 25), (52, 20), 
(61, 26), (52, 23), 
(60, 26), (53, 22), 
(61, 26), (50, 22), 
(59, 25), (54, 23), 
(64, 28), (48, 23), 
(62, 26), (54, 23), 
(65, 28), (50, 23), 
(66, 27), (54, 22), 
(67, 30), (54, 25), 
(71, 29), (55, 23), 
(66, 30), (57, 25), 
(70, 31), (53, 22), 
(65, 29), (59, 25), 
(70, 30), (50, 21), 
(62, 28), (59, 25), 
(71, 32), (47, 21), 
(64, 28), (60, 25), 
(73, 33), (44, 17), 
(64, 27), (59, 24), 
(72, 33), (37, 14), 
(66, 29), (55, 23), 
(72, 33), (27, 9), 
(67, 30), (52, 21), 
(71, 33), (20, 6), 
(67, 30), (46, 18), 
(70, 32), (19, 5), 
(73, 34), (45, 19), 
(68, 31), (16, 4), 
(73, 33), (45, 18), 
(68, 31), (15, 3), 
(74, 34), (51, 20), 
(65, 30), (12, 1), 
(73, 34), (51, 19), 
(63, 29), (9, 0), 
(73, 33), (50, 19), 
(59, 26), (8, -1), 
(73, 34), (52, 22), 
(55, 25), (5, -2), 
(73, 35), (48, 20), 
(55, 26), (4, -1), 
(73, 36), (49, 21), 
(53, 24), (4, -2), 
(72, 36), (47, 21), 
(43, 18), (2, -4), 
(72, 36), (33, 12), 
(45, 18), (2, -3), 
(71, 36), (30, 10), 
(56, 25), (5, -3), 
(72, 34), (45, 19), 
(67, 32), (15, 2), 
(73, 35), (58, 25), 
(69, 32), (27, 9), 
(74, 33), (63, 27), 
(66, 28), (57, 23), 
(74, 32), (69, 28), 
(57, 22), (72, 30), 
(75, 32), (72, 30), 
(55, 20), (73, 29), 
(75, 33), (73, 29), 
(50, 17), (73, 29), 
(75, 34), (75, 29), 
(48, 15), (72, 29), 
(75, 34), (75, 29), 
(45, 13), (73, 30), 
(75, 35), (74, 30), 
(36, 7), (72, 31), 
(74, 34), (74, 31), 
(36, 8), (72, 31), 
(73, 33), (74, 29), 
(32, 4), (72, 31), 
(70, 31), (74, 29), 
(31, 2), (69, 31), 
(64, 28), (74, 30), 
(30, 2), (66, 29), 
(55, 22), (73, 32), 
(30, 1), (66, 29), 
(51, 19), (73, 31), 
(32, 3), (61, 27), 
(46, 15), (72, 32), 
(32, 3), (60, 27), 
(43, 13), (73, 32), 
(34, 6), (59, 25), 
(36, 7), (71, 32), 
(40, 9), (58, 24), 
(31, 4), (71, 30), 
(46, 14), (57, 22), 
(31, 4), (69, 29), 
(52, 19), (52, 19), 
(30, 3), (67, 28), 
(51, 18), (54, 20), 
(31, 4), (67, 28), 
(57, 24), (49, 17), 
(35, 5), (62, 25), 
(59, 26), (43, 10), 
(42, 11), (65, 26), 
(66, 34), (31, 2), 
(45, 14), (58, 24), 
(72, 40), (46, 16), 
(57, 25), (36, 9), 
(72, 40), (62, 29), 
(62, 31), (37, 7), 
(70, 36), (72, 36), 
(73, 40), (65, 32), 
(64, 30), (69, 31), 
(73, 41), (71, 38), 
(64, 27), (53, 20), 
(73, 39), (67, 33), 
(64, 28), (51, 18), 
(70, 35), (71, 36), 
(65, 28), (43, 13), 
(68, 31), (71, 33), 
(65, 30), (37, 11), 
(62, 29), (67, 31), 
(65, 29), (31, 8), 
(62, 28), (68, 29), 
(61, 30), (45, 16), 
(65, 31), (70, 33), 
(61, 31), (57, 25), 
(63, 29), (68, 32), 
(65, 30), (57, 25), 
(63, 30), (66, 32), 
(65, 31), (55, 25), 
(63, 30), (64, 31), 
(67, 31), (58, 26), 
(65, 31), (63, 30), 
(65, 26), (58, 25), 
(68, 30), (56, 26), 
(65, 26), (59, 27), 
(72, 31), (55, 25), 
(68, 24), (57, 25), 
(73, 30), (56, 26), 
(68, 26), (59, 25), 
(74, 30), (60, 26), 
(67, 25), (63, 25), 
(75, 30), (68, 28), 
(68, 27), (64, 24), 
(74, 32), (71, 30), 
(70, 28), (65, 26), 
(75, 31), (75, 31), 
(74, 28), (68, 27), 
(75, 31), (75, 33), 
(75, 28), (70, 27), 
(75, 33), (75, 32), 
(76, 30), (75, 31), 
(76, 34), (76, 34), 
(75, 31), (75, 32), 
(76, 36), (76, 34), 
(76, 32), (75, 32), 
(76, 35), (77, 34), 
(76, 32), (75, 31), 
(76, 35), (76, 34), 
(76, 34), (76, 32), 
(76, 35), (77, 33), 
(76, 33), (76, 30), 
(76, 35), (77, 34), 
(76, 31), (76, 31), 
(76, 34), (76, 32), 
(75, 30), (76, 31), 
(76, 34), (76, 32), 
(75, 31), (76, 31), 
(76, 34), (76, 32), 
(74, 30), (76, 30), 
(75, 32), (76, 32), 
(75, 31), (75, 29), 
(75, 33), (76, 32), 
(76, 30), (72, 28), 
(75, 31), (73, 30), 
(75, 28), (73, 28), 
(76, 31), (72, 30), 
(70, 29), (70, 29), 
(73, 32), (71, 31), 
(66, 29), (64, 28), 
(68, 31), (72, 30), 
(68, 29), (64, 29), 
(63, 30), (62, 29), 
(65, 29), (66, 29), 
(65, 30), (56, 29), 
(60, 28), (61, 28), 
(64, 30), (56, 27), 
(60, 27), (53, 26), 
(68, 29), (53, 27), 
(61, 28), (49, 25), 
(68, 30), (54, 27), 
(61, 28), (52, 27), 
(70, 31), (54, 28), 
(58, 27), (49, 26), 
(66, 30), (54, 28), 
(58, 27), (46, 25), 
(61, 28), (55, 28), 
(57, 27), (44, 25), 
(59, 27), (53, 27), 
(54, 27), (43, 25), 
(54, 27), (45, 26), 
(51, 27), (49, 26), 
(52, 26), (43, 24), 
(49, 27), (47, 26), 
(48, 26), (45, 26), 
(53, 24), (46, 23), 
(48, 24), (41, 23), 
(49, 21), (42, 21), 
(51, 24), (33, 21), 
(44, 21), (36, 22), 
(42, 18), (28, 19), 
(41, 22), (32, 21), 
(35, 17), (29, 20), 
(40, 22), (29, 20), 
(35, 18), (33, 21), 
(40, 20), (27, 16), 
(33, 15), (33, 20), 
(37, 22), (27, 20), 
(30, 15), (33, 22), 
(37, 23), (31, 22), 
(30, 17), (32, 23), 
(34, 19), (31, 22), 
(23, 9), (37, 22), 
(25, 10), (32, 21), 
(8, 1), (38, 21), 
(13, 3), (35, 21), 
(2, -2), (34, 19), 
(11, 3), (34, 21), 
(1, -2), (29, 17), 
(10, 2), (33, 21), 
(1, -2), (26, 15), 
(14, 5), (34, 21), 
(1, -2), (25, 14), 
(12, 4), (30, 19), 
(1, -2), (22, 13), 
(10, 3), (28, 17), 
(0, -2), (18, 9), 
(6, 0), (27, 16), 
(0, -2), (10, 3), 
(5, -1), (28, 17), 
(0, -2), (9, 2), 
(6, 1), (28, 17), 
(0, -2), (14, 4), 
(11, 4), (35, 19), 
(0, -2), (17, 7), 
(24, 11), (35, 20), 
(3, -1), (26, 14), 
(36, 21), (35, 20), 
(30, 13), (33, 22), 
(39, 23), (35, 20), 
(43, 23), (35, 22), 
(38, 22), (37, 21), 
(43, 24), (34, 22), 
(37, 20), (42, 20), 
(41, 24), (33, 20), 
(40, 23), (47, 25), 
(39, 24), (31, 21), 
(38, 22), (39, 22), 
(42, 24), (29, 19), 
(34, 22), (31, 20), 
(43, 25), (27, 17), 
(36, 23), (30, 19), 
(43, 24), (25, 16), 
(37, 22), (29, 17), 
(41, 23), (25, 14), 
(39, 23), (26, 17), 
(35, 20), (30, 16), 
(36, 22), (27, 18), 
(30, 15), (41, 21), 
(34, 18), (26, 12), 
(26, 14), (48, 24), 
(32, 18), (26, 15), 
(25, 12), (53, 27), 
(30, 17), (26, 13), 
(24, 13), (55, 28), 
(31, 19), (27, 17), 
(23, 13), (53, 28), 
(29, 17), (30, 16), 
(26, 14), (45, 26), 
(35, 20), (27, 16), 
(32, 17), (40, 24), 
(34, 20), (25, 14), 
(42, 22), (42, 25), 
(33, 19), (27, 14), 
(41, 22), (41, 24), 
(32, 20), (29, 19), 
(38, 22), (43, 25), 
(34, 20), (31, 19), 
(33, 19), (42, 24), 
(40, 23), (37, 23), 
(23, 13), (48, 24), 
(42, 24), (40, 25), 
(19, 10), (50, 24), 
(41, 24), (40, 25), 
(20, 9), (50, 23), 
(39, 23), (44, 25), 
(15, 4), (42, 19), 
(37, 21), (55, 27), 
(7, 0), (26, 12), 
(36, 19), (56, 27), 
(3, -1), (20, 9), 
(32, 16), (52, 26), 
(1, -2), (18, 8), 
(25, 12), (48, 24), 
(2, -2), (15, 6), 
(20, 7), (40, 20), 
(2, -2), (14, 6), 
(10, 3), (26, 14), 
(2, -2), (22, 11), 
(6, 0), (23, 10), 
(2, -2), (29, 15), 
(8, 1), (24, 11), 
(2, -2), (31, 16), 
(18, 7), (28, 13), 
(2, -2), (24, 13), 
(30, 13), (47, 23), 
(1, -2), (17, 7), 
(35, 17), (52, 25), 
(2, -2), (20, 9), 
(46, 22), (51, 24), 
(6, 0), (23, 11), 
(60, 29), (55, 27), 
(14, 6), (25, 12), 
(54, 27), (55, 27), 
(36, 17), (31, 16), 
(46, 26), (47, 26), 
(63, 30), (59, 28), 
(28, 20), (36, 24), 
(47, 27), (46, 26), 
(44, 24), (29, 19), 
(39, 22), (32, 21), 
(31, 19), (41, 22), 
(49, 27), (32, 20), 
(35, 19), (28, 17), 
(39, 24), (47, 27), 
(38, 20), (28, 17), 
(39, 25), (32, 20), 
(25, 16), (29, 19), 
(54, 30), (27, 17), 
(32, 21), (31, 21), 
(34, 21), (29, 17), 
(34, 22), (34, 24), 
(37, 24), (29, 19), 
(41, 27), (38, 24), 
(35, 23), (35, 24), 
(40, 27), (38, 23), 
(44, 28), (40, 25), 
(41, 27), (33, 23), 
(48, 29), (45, 27), 
(50, 29), (37, 24), 
(47, 29), (37, 26), 
(53, 32), (38, 25), 
(57, 33), (44, 28), 
(59, 29), (44, 26), 
(60, 34), (40, 27), 
(64, 30), (43, 25), 
(64, 31), (46, 26), 
(62, 31), (50, 29), 
(70, 33), (47, 28), 
(64, 31), (52, 30), 
(67, 33), (48, 29), 
(67, 31), (56, 30), 
(62, 30), (56, 30), 
(73, 31), (57, 29), 
(64, 30), (61, 30), 
(71, 31), (46, 26), 
(67, 31), (62, 31), 
(71, 32), (47, 26), 
(74, 33), (58, 30), 
(71, 30), (61, 27), 
(76, 33), (44, 26), 
(72, 30), (71, 30), 
(73, 32), (41, 24), 
(77, 33), (74, 35), 
(58, 30), (51, 28), 
(74, 35), (69, 30), 
(61, 30), (58, 28), 
(71, 33), (66, 28), 
(64, 31), (64, 27), 
(68, 27), (65, 26), 
(72, 32), (61, 27), 
(53, 17), (70, 27), 
(76, 33), (62, 26), 
(53, 17), (66, 26), 
(74, 34), (65, 29), 
(61, 20), (52, 17), 
(74, 36), (70, 28), 
(71, 31), (67, 26), 
(68, 31), (63, 27), 
(73, 30), (63, 29), 
(73, 32), (50, 26), 
(69, 30), (49, 25), 
(76, 33), (58, 28), 
(72, 31), (46, 25), 
(77, 32), (54, 27), 
(71, 31), (45, 26), 
(73, 31), (45, 25), 
(60, 31), (39, 25), 
(64, 32), (35, 24), 
(47, 27), (41, 25), 
(47, 27), (34, 22), 
(50, 27), (34, 22), 
(43, 26), (42, 24), 
(46, 25), (33, 21), 
(51, 27), (41, 23), 
(42, 23), (27, 11), 
(42, 25), (32, 20), 
(45, 23), (17, 6), 
(39, 24), (30, 16), 
(47, 20), (6, 0), 
(41, 24), (22, 10), 
(59, 23), (2, 0), 
(44, 23), (23, 9), 
(66, 24), (5, 0), 
(50, 24), (24, 9), 
(69, 27), (17, 3), 
(61, 26), (36, 15), 
(61, 24), (40, 13), 
(63, 28), (54, 23), 
(61, 23), (57, 20), 
(66, 30), (58, 27), 
(72, 28), (60, 23), 
(71, 32), (59, 27), 
(70, 28), (60, 21), 
(74, 32), (63, 29), 
(61, 26), (55, 19), 
(75, 30), (65, 28), 
(50, 22), (44, 14), 
(76, 31), (65, 26), 
(46, 23), (32, 11), 
(71, 30), (66, 26), 
(50, 22), (24, 7), 
(63, 29), (68, 26), 
(55, 22), (19, 6), 
(56, 26), (66, 27), 
(55, 25), (38, 16), 
(63, 28), (59, 27), 
(51, 22), (46, 21), 
(69, 29), (60, 27), 
(54, 22), (51, 24), 
(71, 28), (66, 27), 
(54, 23), (52, 24), 
(68, 27), (69, 28), 
(56, 24), (52, 25), 
(68, 28), (70, 29), 
(61, 24), (56, 24), 
(71, 28), (72, 29), 
(60, 26), (60, 25), 
(71, 28), (69, 28), 
(62, 27), (65, 27), 
(70, 29), (67, 28), 
(62, 27), (59, 27), 
(62, 28), (59, 28), 
(59, 28), (52, 27), 
(58, 29), (54, 28), 
(56, 27), (50, 26), 
(58, 27), (51, 26), 
(52, 26), (48, 26), 
(62, 29), (46, 27), 
(52, 28), (43, 26), 
(61, 29), (45, 26), 
(53, 26), (40, 23), 
(57, 28), (41, 25), 
(51, 27), (38, 24), 
(50, 27), (38, 24), 
(49, 25), (36, 20), 
(49, 27), (39, 24), 
(52, 26), (38, 22), 
(50, 27), (40, 24), 
(50, 26), (37, 22), 
(46, 25), (36, 22), 
(50, 27), (38, 23), 
(45, 27), (35, 23), 
(49, 28), (37, 24), 
(47, 27), (34, 23), 
(46, 26), (35, 23), 
(47, 27), (30, 22), 
(46, 26), (36, 23), 
(46, 26), (31, 21), 
(43, 26), (35, 24), 
(45, 26), (32, 22), 
(40, 25), (32, 23), 
(50, 28), (32, 22), 
(41, 25), (32, 22), 
(53, 29), (34, 22), 
(42, 25), (34, 23), 
(53, 28), (38, 24), 
(39, 24), (36, 23), 
(45, 27), (36, 24), 
(41, 26), (38, 24), 
(39, 25), (33, 22), 
(41, 26), (35, 23), 
(38, 25), (37, 24), 
(41, 25), (30, 20), 
(46, 26), (44, 25), 
(39, 22), (40, 21), 
(45, 22), (42, 25), 
(41, 22), (40, 22), 
(45, 24), (41, 24), 
(41, 23), (36, 20), 
(52, 28), (37, 24), 
(40, 24), (28, 17), 
(50, 27), (29, 19), 
(38, 21), (28, 16), 
(42, 25), (26, 16), 
(35, 22), (29, 18), 
(28, 18), (30, 20), 
(32, 21), (32, 21), 
(34, 22), (40, 24), 
(33, 22), (37, 24), 
(49, 28), (52, 26), 
(40, 25), (45, 25), 
(49, 28), (53, 22), 
(43, 27), (55, 25), 
(59, 29), (28, 11), 
(44, 27), (49, 20), 
(61, 27), (15, 5), 
(46, 26), (35, 12), 
(57, 21), (7, 0), 
(42, 25), (44, 17), 
(58, 26), (13, 4), 
(42, 25), (49, 23), 
(47, 26), (44, 17), 
(32, 22), (36, 23), 
(41, 25), (56, 27), 
(35, 24), (31, 22), 
(38, 22), (42, 24), 
(33, 23), (31, 22), 
(38, 23), (40, 23), 
(35, 24), (28, 20), 
(33, 22), (36, 23), 
(36, 24), (28, 19), 
(35, 23), (29, 20), 
(35, 24), (30, 21), 
(36, 24), (28, 19), 
(35, 24), (30, 21), 
(34, 24), (30, 22), 
(33, 24), (31, 21), 
(38, 26), (32, 22), 
(33, 23), (33, 21), 
(38, 25), (32, 20), 
(35, 22), (34, 22), 
(40, 26), (31, 20), 
(41, 26), (35, 23), 
(39, 24), (30, 18), 
(40, 26), (35, 23), 
(43, 28), (30, 21), 
(40, 25), (36, 23), 
(42, 26), (30, 21), 
(44, 26), (30, 20), 
(40, 24), (35, 22), 
(45, 28), (31, 22), 
(42, 26), (36, 23), 
(43, 26), (34, 23), 
(43, 28), (34, 23), 
(42, 26), (39, 25), 
(51, 28), (35, 23), 
(41, 26), (39, 25), 
(52, 30), (36, 25), 
(44, 28), (41, 26), 
(53, 31), (38, 26), 
(44, 28), (36, 24), 
(52, 31), (38, 26), 
(43, 27), (32, 22), 
(50, 30), (38, 25), 
(47, 27), (34, 22), 
(45, 28), (41, 26), 
(46, 26), (36, 23), 
(42, 26), (44, 25), 
(41, 26), (41, 25), 
(39, 25), (38, 23), 
(39, 26), (38, 25), 
(35, 24), (32, 22), 
(37, 26), (36, 24), 
(33, 24), (30, 21), 
(35, 24), (34, 23), 
(33, 23), (29, 18), 
(34, 23), (32, 21), 
(33, 23), (27, 17), 
(35, 25), (34, 22), 
(34, 24), (28, 19), 
(35, 24), (33, 22), 
(34, 24), (28, 17), 
(35, 24), (33, 21), 
(35, 24), (27, 17), 
(35, 24), (31, 20), 
(33, 22), (28, 17), 
(35, 25), (31, 20), 
(33, 22), (30, 17), 
(36, 24), (31, 20), 
(33, 21), (31, 16), 
(36, 24), (30, 19), 
(33, 19), (32, 16), 
(36, 24), (28, 18), 
(34, 20), (33, 18), 
(36, 22), (29, 16), 
(34, 19), (34, 17), 
(36, 24), (28, 19), 
(34, 20), (34, 18), 
(35, 24), (27, 18), 
(35, 21), (34, 19), 
(35, 24), (27, 17), 
(35, 21), (34, 19), 
(35, 24), (26, 17), 
(37, 21), (35, 20), 
(34, 23), (25, 17), 
(36, 21), (34, 20), 
(34, 23), (26, 17), 
(37, 21), (35, 20), 
(34, 23), (25, 17), 
(37, 21), (35, 20), 
(36, 24), (26, 18), 
(39, 22), (36, 21), 
(34, 23), (26, 18), 
(38, 21), (35, 20), 
